function [pointsLeft, pointsRight, K] = ImportData()
% Provides all data needed for this exercise
% pointsLeft: Matrix containing homogeneous points from the first
% image. (One point per column!)
% pointsRight: Matrix containing homogeneous points from the second
% image. (One point per column!)
% K: Calibration matrix

K = [-5012. 0. 1146.; 0. -5012. 793.; 0. 0. 1.];

pointsLeft = [1340.69384765625 1681.89318847656 1271.82739257813 1284.81250000000 824.577941894531 1578.53320312500 783.512329101563 1332.93859863281 1652.67712402344 1278.59387207031 1365.73791503906 1819.29821777344 1018.38482666016 456.414550781250 818.755187988281 679.221740722656 787.452758789063 1225.88342285156 1191.84423828125 1234.35913085938 722.823242187500 1045.93994140625 988.739746093750 784.185607910156 831.777282714844 865.386230468750 1575.08679199219 1214.29248046875 1243.10156250000 1649.32812500000 426.325103759766 871.314025878906 1091.40771484375 1972.10729980469 1368.37963867188 770.978454589844 862.672058105469 673.733459472656 1173.58349609375 1173.51635742188 1073.87829589844 1971.35803222656 1367.24780273438 1673.71447753906 1212.14819335938 2201.17163085938 2090.37792968750 2106.61645507813 871.608642578125 893.912414550781 1326.19738769531 1419.32360839844 579.554748535156 1289.55212402344 786.752258300781 2062.43750000000 1620.97338867188 892.154113769531 2172.94653320313 1020.37756347656 1889.40234375000 901.485412597656 2033.86755371094 1323.37158203125 790.594238281250 1387.37670898438 871.836242675781 1191.85961914063 1728.41967773438 1190.02478027344 1307.80468750000 993.365356445313 1117.82275390625 832.964233398438 1016.56494140625 825.615844726563 1180.77416992188 1994.00927734375 993.164978027344 705.409362792969 982.957153320313 669.499816894531 1541.92980957031 1562.83374023438 171.158905029297 1142.55517578125 1069.35278320313 814.261291503906 444.880737304688 1168.17260742188 904.235107421875 1303.79028320313 701.632812500000 700.317321777344 905.684387207031 697.645690917969 985.826293945313 1469.02856445313 858.264160156250 824.034912109375 1290.76647949219 851.938293457031 966.030883789063 754.421264648438 1653.93579101563 1113.83898925781 1860.11682128906 991.179321289063 1961.36547851563 861.395690917969 1112.29968261719 747.319885253906 1137.91235351563 884.190246582031 1292.41271972656 1292.08789062500 1168.94641113281 1504.44494628906 1808.98974609375 1201.01965332031 1045.00036621094 955.832702636719 1014.83789062500 1911.30200195313 103.296058654785 898.673278808594 1189.81494140625 1064.90649414063 1017.39294433594 909.981445312500 1161.67565917969 1895.65771484375 812.371093750000 932.105407714844 1039.71691894531 952.300659179688 891.359313964844 701.242187500000 2056.99829101563 1087.00585937500 1166.41784667969 881.208862304688 1685.17687988281 221.951889038086 1018.55572509766 948.009582519531 1045.13232421875 1397.76855468750 1369.81848144531 870.157043457031 1160.83227539063 913.173217773438 857.355468750000 961.299377441406 735.053405761719 1148.48266601563 926.450378417969 870.210327148438 1304.64465332031 1092.75061035156 1002.42193603516 1319.63916015625 581.575012207031 1145.87475585938 1097.87658691406 878.087585449219 1010.97644042969 1637.97631835938 898.990356445313 1778.42834472656 1942.55078125000 887.437683105469 1287.99670410156 1080.57543945313 1087.42175292969 2054.04736328125 922.952026367188 879.567504882813 2207.22583007813 893.347778320313 1893.85290527344 880.648681640625 1186.95166015625 1197.26525878906 890.240966796875 1133.89013671875 2189.06152343750 1881.48303222656 2160.71704101563 1194.67700195313 988.711547851563 1317.42687988281 895.108520507813 1139.30065917969 754.237243652344 752.943298339844 1785.66015625000 883.628234863281 1047.31628417969 1161.04675292969 1861.98620605469 951.260864257813 671.857543945313 1333.04809570313 1064.36071777344 1800.18420410156 1253.87731933594 1973.37023925781 1147.50720214844 1254.38305664063 1964.88708496094 1262.09619140625 2127.04663085938 937.622985839844 1090.01293945313 2020.96667480469 1251.97607421875 701.446716308594 956.249084472656 1266.13415527344 1513.84130859375 840.400634765625 687.881591796875 884.914550781250 749.141784667969 730.097229003906 1139.80017089844 727.512451171875 949.657592773438 919.502746582031 1098.08789062500 923.494873046875 1004.12268066406 751.047363281250 733.080017089844 903.414001464844 1015.76550292969 805.548767089844 1288.13745117188 1359.50366210938 811.861022949219 852.860839843750 1214.39855957031 786.738159179688 880.843627929688 832.185241699219 1052.52050781250 1536.30505371094 2227.65039062500 633.863037109375 1870.77648925781 979.874877929688 1239.06420898438 1186.51977539063 1328.86425781250 910.954772949219 731.268981933594 1042.14685058594 1972.78503417969 392.374176025391 1104.19445800781 908.645996093750 877.771972656250 1886.40087890625 753.837951660156 919.978515625000 1828.87097167969 1069.99255371094 1090.38427734375 1997.45849609375 957.937316894531 1261.59167480469 2229.54785156250 1962.61315917969 956.498107910156 1936.90197753906 1364.20397949219 905.369750976563 2217.32641601563 926.897521972656 1485.63488769531 308.008483886719 2198.77905273438 1725.83618164063 926.603515625000 890.469116210938 1041.66711425781 1243.65832519531 2004.96862792969 1667.81591796875 1207.45227050781 965.942016601563 1429.65869140625 1017.76165771484 2078.07373046875 835.491760253906 1498.62036132813 951.279174804688 1943.56555175781 1811.34228515625 925.392639160156 1998.37841796875 730.598266601563 1939.27978515625 858.262451171875 869.970703125000 2132.14135742188 1558.41699218750 1961.94018554688 1962.05346679688 1365.66296386719 2187.88134765625 709.888366699219 793.777465820313 1200.45983886719 917.438842773438 1087.26037597656 2045.70959472656 1860.55944824219 1119.56359863281 1140.00317382813 808.930236816406 975.826232910156 1820.89392089844 1094.72961425781 2050.42675781250 935.416259765625 772.920288085938 1139.13610839844 1182.10229492188 947.687316894531 932.688293457031 2090.04125976563 1296.71264648438 1882.31079101563 1320.99609375000 1662.88684082031 1896.17553710938 2048.54443359375 850.227416992188 709.354919433594 1328.56774902344 1070.01928710938 747.288146972656 1954.88610839844 2103.87500000000 1482.99243164063 2188.65502929688 188.650100708008 1163.12780761719 855.319152832031 689.142272949219 116.873756408691 1199.53027343750 886.479614257813 773.917968750000 1238.90014648438 1870.32873535156 1009.49829101563 1567.45666503906 1245.32995605469 2192.85961914063 920.150146484375 1112.48144531250 1200.47851562500 628.763977050781 948.089965820313 790.047241210938 843.405273437500 991.314575195313 2056.67163085938 915.722412109375 734.423156738281 804.885192871094 1747.28149414063 1769.37536621094 735.957580566406 1039.83239746094 2081.50878906250 1990.66174316406 1088.50244140625 902.368652343750 950.110595703125 1112.62304687500 878.865722656250 703.146789550781 1836.25524902344 1182.13159179688 876.675170898438 865.275207519531 778.204406738281 1973.80261230469 565.809387207031 1090.90429687500 818.668518066406 1577.00305175781 1634.15222167969 720.000305175781 1877.26647949219 825.766357421875 1973.64416503906 752.499755859375 841.813354492188 928.038024902344 892.989135742188 1246.35229492188 712.050354003906 1134.08435058594 1173.82617187500 2077.62524414063 2070.42846679688 1015.41168212891 691.592590332031 1464.47656250000 1637.20214843750 1947.96936035156 1240.02087402344 1953.49108886719 1864.65478515625 911.758911132813 1972.25610351563 1152.88964843750 1458.60119628906 907.383605957031 1066.96374511719 709.825927734375 1191.57336425781 511.063385009766 1700.25378417969 1142.21301269531 815.254028320313 1170.27832031250 1953.69421386719 1650.62866210938 1111.17138671875 1558.47082519531 1904.82922363281 1939.73864746094 1215.68237304688 1635.10705566406 1233.92492675781 1776.19982910156 1207.84094238281 872.561462402344 953.373718261719 1952.17187500000 802.103942871094 